nsnps,PP.H0.abf,PP.H1.abf,PP.H2.abf,PP.H3.abf,PP.H4.abf,paires
813,1.0571667463948e-12,1.21270723978432e-07,3.96642545563833e-08,0.00355355766312453,0.99644628140084,rs10873298_ENSG00000258602.1
813,9.68458620258334e-12,1.11094752481007e-06,3.976250292349e-08,0.00356484029629511,0.996434008983992,rs10873298_ENSG00000243225.2
813,7.15232002204447e-06,0.820463782233695,5.56918630458151e-07,0.0637700246653503,0.115758483862303,rs10873298_ENSG00000287004.1
813,7.41742702426567e-06,0.8508749904946,5.65104735522953e-07,0.0647404589029802,0.0843765680706599,rs10873298_ENSG00000223174.1
813,7.50954157458248e-06,0.861441722984023,6.3145105866151e-07,0.0723694377147499,0.0661806983085939,rs10873298_ENSG00000100583.4
813,7.49421228662641e-06,0.859683255027245,6.29806457833643e-07,0.0721788315989429,0.0681297893550669,rs10873298_ENSG00000071246.11
683,7.51601773628924e-06,0.8621846157438,5.34767657113849e-07,0.0612682399021966,0.0765390935686102,rs10873298_ENSG00000283629.1
813,7.38913224730761e-06,0.847629212949843,6.7789971127604e-07,0.0776892072104269,0.0746735128077717,rs10873298_ENSG00000258610.1
813,7.18970262977226e-06,0.824752051722695,6.16324049617031e-07,0.0705957100362412,0.104644432214384,rs10873298_ENSG00000246548.3
813,7.37867651415952e-06,0.846429804878299,6.85515238479501e-07,0.0785624807209434,0.0749996502090056,rs10873298_ENSG00000258301.3
813,7.48285970751871e-06,0.858380967103312,5.92333086847749e-07,0.0678745437635935,0.0737364139403009,rs10873298_ENSG00000100580.8
599,7.34041313718689e-06,0.84204047341391,4.16956903941972e-07,0.0477201264347272,0.110231642781322,rs10873298_ENSG00000199440.1
617,9.31094410626492e-11,8.8617323146379e-05,3.23217485221801e-09,0.00207840376341104,0.99783297558816,rs7612445_ENSG00000114450.10
617,9.14663590366264e-07,0.870535125467847,6.04010170426871e-08,0.0574148866249758,0.0720490128425694,rs7612445_ENSG00000201822.1
617,9.17213624576694e-07,0.872962131828115,5.90475050908867e-08,0.0561278155632491,0.0709090763475058,rs7612445_ENSG00000239096.1
617,8.92225146501467e-07,0.849179237083438,5.93916969937892e-08,0.0564319229200928,0.0943878883796258,rs7612445_ENSG00000058056.9
617,8.96975104876912e-07,0.853700031016735,6.43479166024812e-08,0.0611582740509502,0.0851407336092934,rs7612445_ENSG00000121879.5
617,8.96033166481828e-07,0.852803536975008,8.15077115449785e-08,0.0775056358151385,0.0696898496689755,rs7612445_ENSG00000171121.16
617,8.97088807768761e-07,0.853808248247927,7.121099360094e-08,0.0676968848329869,0.078493898619285,rs7612445_ENSG00000260743.1
617,9.00612298292527e-07,0.857161745968289,7.35108843709035e-08,0.0698913640480373,0.0729459158604917,rs7612445_ENSG00000171109.19
263,3.73476875638162e-08,0.000657752237459336,6.72280034073053e-08,0.00018483486215496,0.999157308324696,rs242557_ENSG00000186868.15
263,4.49411213526219e-05,0.791484695621625,2.45333465769566e-06,0.0430417029513883,0.165426206970978,rs242557_ENSG00000120071.14
263,3.6757418185722e-05,0.647356653971555,2.46054618479266e-06,0.043024556059659,0.309579572004414,rs242557_ENSG00000260075.1
263,3.34536115192215e-05,0.589171358742483,6.47618938791735e-06,0.113758975815825,0.297029735640785,rs242557_ENSG00000228696.9
263,2.58306174539519e-05,0.454918297050169,2.4908059548927e-05,0.438564116734988,0.10646684753784,rs242557_ENSG00000214425.8
263,3.67999058620015e-07,0.00648104929593426,4.88046059069322e-05,0.85939273244567,0.13407704565343,rs242557_ENSG00000176681.14
263,4.76841286999011e-06,0.0839793422017532,4.46674754002025e-05,0.78653591943846,0.129435302471518,rs242557_ENSG00000285668.1
263,6.65139684256051e-06,0.11714168776711,3.89592097146962e-05,0.685936832294059,0.196875869332274,rs242557_ENSG00000263503.1
263,8.38655561606082e-06,0.147700596231439,3.4014560539792e-05,0.598797104156241,0.253459898496164,rs242557_ENSG00000262500.1
263,4.04947409096889e-06,0.0713176857152715,4.77536775418414e-05,0.84093058792627,0.0876999232068254,rs242557_ENSG00000238083.7
263,1.69275504904228e-05,0.298121113676891,3.03047687405976e-05,0.533546939575058,0.16828471442882,rs242557_ENSG00000204650.14
263,1.94517888725823e-05,0.342576970305475,2.1831952824756e-05,0.384222287389461,0.273159458563365,rs242557_ENSG00000214401.4
263,1.76534693980967e-05,0.310905701341674,3.15877557487973e-05,0.556177800829307,0.132867256603872,rs242557_ENSG00000266504.1
263,1.76534693980967e-05,0.310905701341674,3.15877557487973e-05,0.556177800829307,0.132867256603872,rs242557_ENSG00000266497.1
263,3.31970848193435e-05,0.584653515153788,1.55047827741997e-05,0.272921532823865,0.142376250154753,rs242557_ENSG00000264070.1
263,4.30632616587561e-05,0.758412596762372,5.44471140832773e-06,0.0957442415105626,0.145794653753998,rs242557_ENSG00000262539.1
263,1.2254594588616e-06,0.0215822920657303,1.14589388108818e-07,0.00104072591488981,0.977375641970533,rs242557_ENSG00000279685.2
263,2.37950565094389e-06,0.041906882809843,1.38289424803593e-07,0.00147888522057155,0.95661171417451,rs242557_ENSG00000256762.1
263,4.90061821497485e-05,0.86307688804718,2.40916336048478e-06,0.0423346652601265,0.094537031347184,rs242557_ENSG00000280022.1
114,4.75097664659618e-05,0.836619618697675,1.19228804083521e-06,0.0208530269099974,0.14247865233782,rs242557_ENSG00000262633.2
263,4.84874215972406e-05,0.853940688823742,3.17429043718225e-06,0.055814114699441,0.0901935347647817,rs242557_ENSG00000265411.1
263,4.84874215972406e-05,0.853940688823742,3.17429043718225e-06,0.055814114699441,0.0901935347647817,rs242557_ENSG00000265315.1
263,5.02046401241358e-05,0.884183640983549,1.94850699490815e-06,0.0342347808797934,0.0815294249895387,rs242557_ENSG00000266918.1
263,4.30622388720257e-05,0.758394583859722,1.76558118180631e-06,0.0308840189392726,0.210676569380952,rs242557_ENSG00000261575.2
159,0.28802997359029,0.626052343488067,0.00418041609721203,0.0090136894156279,0.0727235774088026,rs242557_ENSG00000278223.1
263,4.69389495801711e-05,0.826669631355182,1.98287985709614e-06,0.0347831728573393,0.138498273958042,rs242557_ENSG00000204652.6
263,5.05550699824833e-05,0.890355268691605,1.45885699949073e-06,0.0256088104302785,0.0839839069511347,rs242557_ENSG00000131484.4
263,4.90103433608291e-05,0.863150173599173,1.94487162227851e-06,0.0341496363702572,0.102649234815586,rs242557_ENSG00000238723.1
263,4.98395451596043e-05,0.877753737407983,1.38034309212534e-06,0.0242120564440425,0.0979829862597215,rs242557_ENSG00000232300.1
367,9.48082080752104e-05,0.171723707738449,8.75487296154012e-06,0.015044351436051,0.813128377744464,rs2012809_ENSG00000113396.13
367,0.000365766061647736,0.662502810107035,1.82896989858725e-05,0.0328233791149884,0.304289755017343,rs2012809_ENSG00000145808.10
367,0.00038918267741605,0.704916733585385,1.72941512802875e-05,0.0310608425606674,0.263615947025252,rs2012809_ENSG00000066583.12
673,1.20667625017193e-29,0.00261758021766231,4.68924179513078e-28,0.100824732982681,0.896557686799661,rs2540949_ENSG00000011523.14
673,3.89812600929464e-27,0.845600261580585,3.01027117872282e-28,0.0652110630375464,0.0891886753818706,rs2540949_ENSG00000199964.1
673,3.90838986030035e-27,0.847826745556361,2.56619165017693e-28,0.0555704619838317,0.0966027924598098,rs2540949_ENSG00000138071.13
673,4.07486769143457e-27,0.883939918198498,2.25013573154937e-28,0.0487437112528055,0.067316370548698,rs2540949_ENSG00000223739.1
673,3.90180463232311e-27,0.846398246198761,2.79767913466651e-28,0.0605955965829647,0.0930061572182767,rs2540949_ENSG00000272025.1
673,4.04699834604793e-27,0.877894365619431,2.53530767210635e-28,0.0549299389593804,0.0671756954211891,rs2540949_ENSG00000238201.1
673,3.85891438905522e-27,0.83709428813273,2.89185254472345e-28,0.0626311831625026,0.100274528704766,rs2540949_ENSG00000223863.1
673,4.02827940971419e-27,0.873833763827037,2.69715788249468e-28,0.0584403214270673,0.0677259147458949,rs2540949_ENSG00000283204.1
585,4.0430893486644e-27,0.877046407087011,2.48654906422979e-28,0.0538703362010536,0.0690832567119371,rs2540949_ENSG00000230923.2
673,3.62931660844546e-27,0.787288832157472,3.11395792252853e-28,0.0674041674794913,0.14530700036304,rs2540949_ENSG00000232693.2
673,3.95234075692424e-27,0.857360785654923,2.8009782952167e-28,0.0606782087135965,0.0819610056314819,rs2540949_ENSG00000138069.18
673,4.03850251518479e-27,0.876051409085167,2.58964220966311e-28,0.0561079249370309,0.0678406659778057,rs2540949_ENSG00000119844.15
585,3.80863519674289e-27,0.826187483665661,2.45860075370833e-28,0.0532125512850865,0.120599965049256,rs2540949_ENSG00000270354.1
88,0.983512819503133,0.00102382894358142,0.0152501636179242,1.56777876590625e-05,0.000197510147702184,rs2540949_ENSG00000227293.1
673,3.95283045740717e-27,0.857467013841357,2.72866006544077e-28,0.0591079828578,0.0834250033008457,rs2540949_ENSG00000234572.1
673,4.02088870916714e-27,0.872230537481621,2.81152135959773e-28,0.0609220275127654,0.0668474350056143,rs2540949_ENSG00000237217.1
246,1.33467668158906e-35,0.0480081964036632,1.71371532053531e-35,0.0607509402154659,0.891240863380873,rs60212594_ENSG00000177791.12
246,2.50106360167263e-34,0.89963025700124,6.61464898458008e-36,0.0237161774603943,0.0766535655383641,rs60212594_ENSG00000166321.14
246,2.50193918074291e-34,0.899945201980448,6.20748561904731e-36,0.0222504638436521,0.0778043341759015,rs60212594_ENSG00000213551.6
246,2.24998608886197e-34,0.809317908596336,6.4537177784981e-36,0.0230463272066001,0.167635764197065,rs60212594_ENSG00000271848.2
246,2.41951200700315e-34,0.870296224063295,8.40611796116093e-36,0.030137161698967,0.0995666142377374,rs60212594_ENSG00000138286.15
246,2.45851547055666e-34,0.884325733715554,1.06781997545938e-35,0.0383320432204379,0.0773422230640053,rs60212594_ENSG00000215086.2
246,2.21765657138517e-34,0.79768901115569,7.33242150996199e-36,0.0261985396909888,0.176112449153321,rs60212594_ENSG00000201047.1
246,1.84655284744234e-34,0.664203345968473,1.10176799961839e-35,0.0393340300988265,0.296462623932705,rs60212594_ENSG00000166317.12
246,2.27999591649834e-34,0.820112415753617,1.06384782058742e-35,0.0381247445616155,0.141762839684768,rs60212594_ENSG00000122882.11
246,2.25669464125603e-34,0.811730968668195,2.43906054821651e-35,0.0876321447334366,0.100636886598362,rs60212594_ENSG00000279689.1
184,2.42932402714665e-34,0.873825598605188,4.8416485391529e-36,0.0173064969694423,0.108867904425367,rs60212594_ENSG00000271710.1
246,2.38925175925581e-34,0.859411641024438,1.28064918622875e-35,0.045970214263585,0.0946181447119746,rs60212594_ENSG00000172650.13
246,2.48308947317294e-34,0.89316497965654,6.24753374264004e-36,0.0223878737602358,0.0844471465832247,rs60212594_ENSG00000207473.1
246,2.30901829372422e-34,0.830551737914412,1.56665150362941e-35,0.0562391000675012,0.113209162018089,rs60212594_ENSG00000196968.11
350,5.76671848575514e-07,0.00799119052255297,1.27377499039318e-05,0.175696194872003,0.816299300183692,rs1278493_ENSG00000227267.3
350,2.9143622855684e-05,0.403855751468512,3.56684430421764e-06,0.0488800684231739,0.547231469641154,rs1278493_ENSG00000114054.14
323,7.39203445340708e-05,0.765706897718639,7.59125594997093e-06,0.078478600763238,0.15573298991764,rs1278493_ENSG00000154928.18
342,6.36753902113401e-05,0.882377268163773,1.98393024354e-06,0.0274020195959062,0.0901550529198658,rs1278493_ENSG00000214283.4
1009,8.39079972876921e-20,0.0280341296128972,1.91741162494987e-18,0.640286232273421,0.331679638113681,rs34969716_ENSG00000124795.17
1009,8.99734097096786e-19,0.300606177128412,1.26709740740628e-19,0.0416767135762575,0.65771710929533,rs34969716_ENSG00000165097.16
1009,2.49341290481758e-18,0.83306315025564,2.84115478604296e-19,0.0948524807462205,0.072084368998142,rs34969716_ENSG00000137177.20
1009,2.5019674228992e-18,0.835921262431214,2.56623202249029e-19,0.0856608244246205,0.0784179131441692,rs34969716_ENSG00000278102.1
1009,2.43777656305527e-18,0.814474738345339,2.37349208379456e-19,0.0791933616490411,0.10633190000562,rs34969716_ENSG00000201415.1
1009,2.50129091400703e-18,0.835695237039353,2.8493663764372e-19,0.0951297439085344,0.0691750190521124,rs34969716_ENSG00000286885.1
696,2.56499694907043e-18,0.856979778463546,2.10197149636692e-19,0.0701551743251565,0.0728650472112953,rs34969716_ENSG00000217379.2
1034,1.45838289345517e-17,0.350433673893413,2.4820465373708e-18,0.0590503843162051,0.590515941790384,rs12908004_ENSG00000259417.3
1034,7.76631933511301e-18,0.186616274055793,9.95048287446928e-19,0.0231196726743371,0.790264053269871,rs12908004_ENSG00000259495.3
1034,9.10345535709872e-18,0.218746209944545,1.14577539392044e-18,0.0267772699471682,0.754476520108285,rs12908004_ENSG00000172379.21
1034,3.5166420123623e-17,0.845011132323684,3.37261752487187e-18,0.0809663376649762,0.0740225300113412,rs12908004_ENSG00000213527.5
997,3.51374291638267e-17,0.844314510839937,3.20250345584032e-18,0.0768738910647576,0.0788115980953049,rs12908004_ENSG00000259493.2
1034,3.48909200963251e-17,0.838391163921901,3.73254964136505e-18,0.089617148913915,0.0719916871641852,rs12908004_ENSG00000260674.2
1034,3.46011561994455e-17,0.83142845012425,4.09341443047513e-18,0.0982900506245841,0.0702814992511645,rs12908004_ENSG00000117899.11
1034,3.44104222390372e-17,0.82684531885042,3.6080824353689e-18,0.0866117850403247,0.0865428961092548,rs12908004_ENSG00000259649.4
1034,3.35082782832761e-17,0.805167772972937,3.68957097384412e-18,0.0885501274933851,0.106282099533679,rs12908004_ENSG00000286813.1
1034,3.39861796261173e-17,0.816651226603806,4.0841066683787e-18,0.0980513792492366,0.0852973941469544,rs12908004_ENSG00000279394.1
1034,3.49056550292148e-17,0.838745228460802,3.77574036595744e-18,0.090656368709034,0.0705984028301642,rs12908004_ENSG00000259175.1
1034,3.50228225200705e-17,0.84156063684674,3.64974235326876e-18,0.0876285600109377,0.0708108031423257,rs12908004_ENSG00000277782.1
600,3.67705993473552e-06,0.00196711509412024,0.0018513220615707,0.990395145183207,0.0057827406011677,rs2694635_ENSG00000237651.6
600,0.00163493338223147,0.874639573776731,9.53605672281914e-05,0.0509423118009393,0.0726878204728706,rs2694635_ENSG00000227361.1
600,5.36211481285008e-05,0.0286856814193369,0.00151862691396243,0.812261674530729,0.157480395987843,rs2694635_ENSG00000234624.2
600,0.00102526100074553,0.548483414949943,0.000205071268277081,0.109365963568595,0.340920289212439,rs2694635_ENSG00000173209.23
600,0.00146571007094445,0.784110255294562,0.000168287101126653,0.0899041229305144,0.124351624602852,rs2694635_ENSG00000273302.1
600,0.00160208793532455,0.857068259865481,0.000106679319482758,0.0569859503852891,0.0842370224944231,rs2694635_ENSG00000241524.3
600,0.00134390338379838,0.718947386833715,0.000130653183372204,0.0696855820807007,0.209892474518414,rs2694635_ENSG00000162928.9
600,0.00134047826265698,0.717115051322186,0.000135306325007874,0.0721755300023722,0.209233634087777,rs2694635_ENSG00000226884.1
301,0.0102075006104218,0.587456922601754,0.00603664029181826,0.347368744715298,0.0489301917807093,rs5754508_ENSG00000224086.6
301,0.0153489577726381,0.883355469903387,0.000428689018327535,0.0245954225289094,0.0762714607767382,rs5754508_ENSG00000283145.1
301,0.0149599638150811,0.860968286013946,0.000434300616900699,0.0248959083369361,0.0987415412171362,rs5754508_ENSG00000228161.1
301,0.0074227851454041,0.427192383824205,0.00102314872498033,0.0583777550290729,0.505983927276338,rs5754508_ENSG00000185651.14
301,0.0148778131341817,0.856240391494739,0.00089682320113121,0.0515370682703233,0.0764479038996242,rs5754508_ENSG00000100023.19
301,0.0146369533807315,0.842378552545056,0.00121730920309143,0.0699861837834317,0.0717810010876901,rs5754508_ENSG00000100038.19
301,0.0153047202339703,0.880809533408147,0.00043126696836179,0.0247413457351089,0.078713133654413,rs5754508_ENSG00000284621.1
301,0.0152440085850373,0.877315487234706,0.000456274254250164,0.0261784597929318,0.080805770133075,rs5754508_ENSG00000230513.2
301,0.015225743000157,0.876264275513751,0.000439224225929698,0.0251951353177147,0.0828756219424479,rs5754508_ENSG00000273846.1
301,0.0152409918303502,0.877141868491748,0.000407175053652707,0.0233496728627508,0.0838602917614981,rs5754508_ENSG00000286102.1
301,0.0152319216854679,0.876619868091897,0.000463264791012452,0.0265804769376397,0.0811044684939829,rs5754508_ENSG00000276800.1
122,0.960233247669075,0.0253399479977858,0.0119664273486184,0.000313639710935061,0.00214673727358616,rs5754508_ENSG00000253546.1
301,0.0152882254861924,0.879860236010232,0.000484408372913421,0.0278018608896267,0.0765652692410359,rs5754508_ENSG00000228050.1
301,0.0148110409811158,0.852397554246657,0.000668134115808864,0.0383583524549368,0.0937649182014813,rs5754508_ENSG00000227710.1
301,0.0153487744860019,0.883344921483419,0.000408427539578696,0.0234281458616672,0.0774697306293329,rs5754508_ENSG00000284651.1
301,0.011615465688253,0.668487418050267,0.000709809474278294,0.0405719812413905,0.278615325545811,rs5754508_ENSG00000161180.11
301,0.0152643033345533,0.878483480414495,0.000527233676694538,0.030267629071273,0.0754573535029837,rs5754508_ENSG00000225544.1
301,0.0153182290770951,0.881586987528692,0.000453863612794712,0.0260439325556355,0.0765969872257823,rs5754508_ENSG00000211641.3
102,0.963030923198904,0.0245010473814469,0.0100483753021726,0.000253480569931162,0.00216617354754518,rs5754508_ENSG00000254240.1
188,0.953558701772736,0.026553271533461,0.0168495933654146,0.000466630383589166,0.00257180294479933,rs5754508_ENSG00000253451.1
301,0.0152401075100364,0.877090974535432,0.000505394315248207,0.0290080430382608,0.0781554806010228,rs5754508_ENSG00000169575.5
628,2.59276345965764e-25,0.241495749600299,1.02015963158848e-25,0.0943557863567594,0.664148464042943,rs3820888_ENSG00000196141.14
628,9.23812115163634e-25,0.860459130624815,6.65813859325237e-26,0.0619377791665472,0.0776030902086347,rs3820888_ENSG00000227004.2
628,8.64280446890853e-25,0.805010012036921,7.19395911167797e-26,0.0668780216552287,0.128111966307847,rs3820888_ENSG00000138356.14
628,9.26534250257675e-25,0.862994587735644,6.24125336873889e-26,0.0580534687026328,0.0789519435617238,rs3820888_ENSG00000162971.11
540,9.53899044184179e-25,0.888482764828403,4.70891269079431e-26,0.0437921339935614,0.0677251011780355,rs3820888_ENSG00000234431.2
671,0.000434405164739553,0.819235934166713,2.78226440860213e-05,0.0523422034042225,0.127959634620239,rs4970418_ENSG00000268663.1
671,0.000457972789112863,0.863681641392904,2.95848547495784e-05,0.0557133631311399,0.0801174378320931,rs4970418_ENSG00000186891.14
671,0.000442398792052104,0.834310954609217,4.11534363112437e-05,0.0775227523488002,0.0876827408136192,rs4970418_ENSG00000223663.2
671,0.000453135585806688,0.854559257289427,3.61775227336554e-05,0.0681496583130728,0.0768017712889609,rs4970418_ENSG00000269732.1
671,0.000427104649450751,0.805468039703244,5.79850465745807e-05,0.109268050414032,0.0847788201866987,rs4970418_ENSG00000237973.1
671,0.000458225107485848,0.864157483520894,2.92569841559015e-05,0.0550948958940803,0.0802601384933842,rs4970418_ENSG00000278073.1
671,0.000449760498462292,0.848194248173712,4.00742142082074e-05,0.0754993353217106,0.075816581791907,rs4970418_ENSG00000248527.1
671,0.000421192135184853,0.794317748359906,5.11328835856034e-05,0.0963215849838918,0.108888341637431,rs4970418_ENSG00000235146.2
671,0.000395944231304929,0.746703235919148,7.53037620333437e-05,0.141902922643966,0.110922593443549,rs4970418_ENSG00000188157.15
671,0.000424046966181224,0.799701616527316,3.93839706168098e-05,0.0741477482388585,0.125687204297027,rs4970418_ENSG00000235098.8
671,0.000282772571397152,0.533275086230062,2.20315865677805e-05,0.0411236280434237,0.425296481568549,rs4970418_ENSG00000187642.9
671,0.000440071199988028,0.829921395704882,4.04310047926314e-05,0.0761545725373113,0.0934435295530265,rs4970418_ENSG00000230021.10
671,0.000453745923901861,0.855710281586884,3.29438934311069e-05,0.0620464672739144,0.0817565613218684,rs4970418_ENSG00000197785.14
671,0.000460866269801798,0.869138398235595,2.99826896945883e-05,0.0564698485594687,0.0739009042454397,rs4970418_ENSG00000198744.5
671,0.000436626567771701,0.823425233318564,5.61475322900577e-05,0.105817233365672,0.0702647592157024,rs4970418_ENSG00000272512.1
671,0.000450490291069642,0.849570549325169,3.00186458872326e-05,0.0565181277078192,0.0934308140300549,rs4970418_ENSG00000189409.14
671,0.000458404634875245,0.864496050601811,2.92466163920697e-05,0.0550756630408722,0.0799406351060487,rs4970418_ENSG00000198976.1
671,0.00045806050502909,0.863847063069265,3.08880509089563e-05,0.0581736615814929,0.0774903267933041,rs4970418_ENSG00000175756.13
671,0.000455011366334567,0.858096753934914,3.56653493550521e-05,0.0671863364120442,0.0742262329373526,rs4970418_ENSG00000230415.1
671,0.000450560999101991,0.849703896176535,3.67060250393488e-05,0.0691424855666012,0.0806663512327219,rs4970418_ENSG00000225972.1
671,0.000447723680609381,0.844353054486575,3.65348027379821e-05,0.0688138984462583,0.086348788583819,rs4970418_ENSG00000250575.1
403,0.924734257541534,0.00836002826653937,0.0652941478802062,0.000589267200240835,0.00102229911147981,rs4970418_ENSG00000187730.9
671,0.000460676892719955,0.868781255818454,3.00125706139878e-05,0.0565258991310448,0.0742021555871665,rs4970418_ENSG00000187608.10
671,0.000451951835470629,0.852326846417969,3.1544674662466e-05,0.0594016774151302,0.0877879796567675,rs4970418_ENSG00000188290.10
552,0.000458923893217299,0.865474933479405,2.46723831943742e-05,0.0464415294410456,0.0875999408031383,rs4970418_ENSG00000273874.1
671,0.000459531415222233,0.866621022920497,3.06524944763804e-05,0.057731763756054,0.0751570294137509,rs4970418_ENSG00000008128.23
671,0.000441848920930358,0.833273963756762,2.86401984503452e-05,0.0538996163860643,0.112355930737793,rs4970418_ENSG00000225285.1
671,0.000456554776358038,0.861007439753161,3.24444311277801e-05,0.0611089032984779,0.077394657740876,rs4970418_ENSG00000286448.1
325,0.000452129695941527,0.852660654453938,1.57585916275315e-05,0.029601483673911,0.117269973584582,rs4970418_ENSG00000186092.6
1029,6.15966759623607e-06,0.816985182171079,7.9407315128869e-07,0.10524382808354,0.0777640360046322,rs6089752_ENSG00000125514.9
1029,6.39923589008956e-06,0.848760232226688,6.43501127880873e-07,0.0852845805935535,0.0659481444427408,rs6089752_ENSG00000207598.1
1029,6.13989492598915e-06,0.814362641530483,7.08567818574845e-07,0.0938888830243656,0.0917416269824074,rs6089752_ENSG00000101188.5
1029,6.32970404241148e-06,0.839537901905376,6.86831331546744e-07,0.0910281870201154,0.0694268945391342,rs6089752_ENSG00000167046.4
1029,4.0848664762925e-08,0.0054179472027316,7.49540821451663e-06,0.994150209621023,0.000424306919365216,rs6089752_ENSG00000228812.7
745,6.18718355210262e-06,0.820634733976231,5.11944677913684e-07,0.0677900188272525,0.111568548068287,rs6089752_ENSG00000226390.1
1029,2.09428051316617e-06,0.277774103851306,3.5157929463191e-07,0.0459553186520311,0.676268131636856,rs6089752_ENSG00000174403.16
1029,6.26086628790684e-06,0.830407632369632,6.66008850232803e-07,0.0882545010404863,0.081330939714743,rs6089752_ENSG00000237687.2
1029,6.18858360018043e-06,0.82082044541882,8.59233323597456e-07,0.113898813237996,0.0652736935262602,rs6089752_ENSG00000149679.11
1029,6.08576646753762e-06,0.807183333914001,7.20861919713749e-07,0.09551395219928,0.0972959072583314,rs6089752_ENSG00000092758.18
1029,6.34420377107714e-06,0.841461067933455,6.49674355835386e-07,0.0860968774324033,0.0724350607560151,rs6089752_ENSG00000101199.13
1029,5.93578983862102e-06,0.787291240455628,8.33368611279165e-07,0.11043125986415,0.102270730521772,rs6089752_ENSG00000174407.13
1029,6.26077796280412e-06,0.830395917403035,7.69440361410711e-07,0.101986821118418,0.0676102312602237,rs6089752_ENSG00000184402.15
1029,6.28662616338522e-06,0.833824283711868,6.90563782068347e-07,0.0915180153543098,0.074650723743877,rs6089752_ENSG00000264490.3
1029,6.28945634274877e-06,0.834199663481438,7.26262730058365e-07,0.0962580472705954,0.0695352735288931,rs6089752_ENSG00000101193.8
1029,6.38559068545375e-06,0.846950405670143,6.3138703430899e-07,0.0836744123533839,0.0693681649987524,rs6089752_ENSG00000223669.1
1029,6.39756461912051e-06,0.848538563833747,6.32422299639393e-07,0.0838134515893753,0.0676409545899587,rs6089752_ENSG00000260542.1
1029,6.26317261062315e-06,0.830713530610908,7.91411570913511e-07,0.104904199197429,0.0643752156074812,rs6089752_ENSG00000101190.13
1029,6.37981192882728e-06,0.846183942470395,6.04015045454911e-07,0.0800395375921174,0.0737695361105145,rs6089752_ENSG00000266104.1
1029,6.02571312751201e-06,0.799218181870604,5.83882693140586e-07,0.0773196045887013,0.123455603944874,rs6089752_ENSG00000284508.1
616,1.1033957430919e-06,0.00314861700320897,0.00034785203624785,0.99261625287148,0.00388617469331998,rs2885697_ENSG00000235358.2
616,3.54615457569344e-05,0.101192003530375,0.000245162031830161,0.699387882477469,0.199139490414569,rs2885697_ENSG00000287400.1
616,0.00030606599048913,0.873380731973519,1.72486645450914e-05,0.0491431190484906,0.0771528343229559,rs2885697_ENSG00000286838.1
616,0.000259523591384027,0.740568737627933,3.67311303649101e-05,0.104660377464462,0.154474630185857,rs2885697_ENSG00000179862.7
616,0.000227000031266849,0.647760481813133,3.8420137807939e-05,0.109391970956069,0.242582127061723,rs2885697_ENSG00000010803.16
616,0.000304619273830827,0.869252424702372,2.1024256352537e-05,0.0599236891973109,0.0704982425701347,rs2885697_ENSG00000233910.1
616,0.000303238494147903,0.865312273206812,2.19947051945072e-05,0.0626917604197648,0.071670733174081,rs2885697_ENSG00000164002.11
616,0.000288805457856501,0.824126593672014,2.37528375410954e-05,0.0676724965417689,0.10788835149082,rs2885697_ENSG00000213172.3
616,0.000265481633377086,0.757570427586072,3.47361097791292e-05,0.0989787705948334,0.143150584075939,rs2885697_ENSG00000127124.16
616,0.000307589180308604,0.877727260764062,1.83290311137748e-05,0.052233460163682,0.069713360860833,rs2885697_ENSG00000227278.1
616,0.000307326862708081,0.876978719125743,1.71626950831002e-05,0.048901156369231,0.0737956349472345,rs2885697_ENSG00000264582.2
264,2.711483173445e-05,0.880461123635543,7.76822664236145e-07,0.0251302698571041,0.0943807148529538,rs223449_ENSG00000250920.3
264,2.51306094576289e-05,0.816030313498045,1.13993507741728e-06,0.0368684052609072,0.147075010696513,rs223449_ENSG00000251571.1
264,2.78365456539073e-05,0.903896306811012,6.34916517522157e-07,0.0205412013481864,0.0755340203786297,rs223449_ENSG00000251577.5
264,2.22779798154414e-05,0.723400953866599,1.72789757154612e-06,0.0558868566564342,0.22068818359958,rs223449_ENSG00000164037.17
264,1.16107765312022e-05,0.377020128727378,3.31972537542473e-06,0.107281006926468,0.515683933844248,rs223449_ENSG00000164039.15
264,1.70643411506473e-05,0.554105927366323,2.60927293919296e-06,0.0843656769899435,0.361508722029645,rs223449_ENSG00000109332.20
555,8.28591503354581e-06,0.00671483816053444,0.00119492774280947,0.96833597942233,0.0237459687592932,rs4951258_ENSG00000286619.1
555,0.000561013422842504,0.454640715602755,8.92988111127209e-05,0.0718942155740919,0.472814756589198,rs4951258_ENSG00000117280.13
555,0.00053929912727137,0.437043627056726,0.000336653494660784,0.272531705627584,0.289548714693758,rs4951258_ENSG00000162877.13
555,0.00092716332853437,0.751365621574147,5.38869563707809e-05,0.043465363258929,0.204187964882019,rs4951258_ENSG00000158711.13
254,0.00151798731684669,0.854299182772123,3.95200232612135e-05,0.0221192181113029,0.122024091776466,rs4951258_ENSG00000251861.1
555,0.0010314697619825,0.835894707000581,5.76336648853676e-05,0.0465894265720788,0.116426763000472,rs4951258_ENSG00000174502.19
555,0.00106815758681883,0.865626221895509,6.99041774952663e-05,0.0565731143660038,0.0766626019741732,rs4951258_ENSG00000117222.14
555,0.00101137537763508,0.81961038133682,5.18285924007943e-05,0.0418640073942456,0.137462407298899,rs4951258_ENSG00000229509.1
555,0.00107789575226473,0.873517951980239,6.45866018393642e-05,0.052267384719034,0.0730721809466233,rs4951258_ENSG00000225063.1
241,0.0963272236645124,0.794029702728202,0.0024288170434115,0.019933569095122,0.0872806874687524,rs4951258_ENSG00000252650.1
540,0.00109031234470382,0.883580169280665,5.69870241723785e-05,0.046112656473088,0.069159874877371,rs4951258_ENSG00000143486.16
555,0.0010750321003662,0.871197271769436,5.76306119229989e-05,0.04662233150519,0.0810477340130853,rs4951258_ENSG00000196550.10
555,0.000977010574001227,0.791761423933123,5.51453143081049e-05,0.0445266344773089,0.162679785701259,rs4951258_ENSG00000225483.1
555,0.00104458966141486,0.846526966807027,6.81949004179057e-05,0.0551673998758991,0.0971928487552416,rs4951258_ENSG00000198049.7
555,0.00108084954155839,0.87591167880304,5.60962102785606e-05,0.0453823435927467,0.0775690318523763,rs4951258_ENSG00000285521.1
555,0.0010800023375692,0.875225111579824,6.84056519365989e-05,0.0553671246857865,0.0682593557448833,rs4951258_ENSG00000162873.14
555,0.00106537284842355,0.863369492545997,6.71773705573803e-05,0.0543588556988966,0.0811391015361255,rs4951258_ENSG00000234981.1
631,3.86705753885525e-07,0.871191770182581,2.57743730358206e-08,0.0579950977169482,0.070812719620344,rs4965430_ENSG00000183571.11
631,1.27823522262922e-07,0.287967788201498,1.89100858286538e-08,0.0419315701081815,0.670100494956713,rs4965430_ENSG00000259424.1
450,3.81518634646244e-07,0.859505945259187,1.88337465313551e-08,0.0423315271334387,0.0981621272549943,rs4965430_ENSG00000241562.2
631,1.97859328109263e-07,0.445748263558736,2.7825352762788e-08,0.0621944120986534,0.49205709865793,rs4965430_ENSG00000140443.15
631,3.88125672467943e-07,0.874390640049145,2.43690706733759e-08,0.0548291890274703,0.0707797584286419,rs4965430_ENSG00000278090.3
631,3.89072650811624e-07,0.876524044404438,2.46402493047663e-08,0.0554428620867558,0.068032679795906,rs4965430_ENSG00000283372.1
65,0.982785331539458,0.0047124511556107,0.0119876176014653,5.70229946898175e-05,0.000457576708776166,rs4965430_ENSG00000259655.1
631,3.83822004294361e-07,0.864695102145329,2.85240450884421e-08,0.064189406218057,0.0711150792905642,rs4965430_ENSG00000259706.1
631,3.89344011385189e-07,0.877135380274324,2.38490642107421e-08,0.0536592649821349,0.0692049415504663,rs4965430_ENSG00000259611.2
631,3.8187114440675e-07,0.860300098808064,2.32989530574574e-08,0.0524018519317288,0.0872976440901098,rs4965430_ENSG00000278022.1
631,3.75030053380018e-07,0.844888116592452,2.56413045231921e-08,0.0576686836495078,0.0974427990866824,rs4965430_ENSG00000259257.1
631,3.88843003958602e-07,0.876006683474607,2.21022809535766e-08,0.0497189475690708,0.0742739580110378,rs4965430_ENSG00000259041.1
631,3.83273852181606e-07,0.863460195230594,2.68654680372669e-08,0.0604478971450491,0.0760914974850363,rs4965430_ENSG00000182253.15
60,0.993214947211745,0.00129648216516636,0.00534985028775325,6.85149916876943e-06,0.000131868836166085,rs4965430_ENSG00000259363.6
1093,0.00618793734233734,0.837238922831239,0.000646689442153453,0.0874297344394435,0.0684967159448262,rs3809666_ENSG00000260710.1
1093,0.00578681816902789,0.782966785605345,0.000718673240313691,0.0971243636540937,0.11340335933122,rs3809666_ENSG00000242612.7
1093,0.00616572320870944,0.834233311060899,0.00064976239742165,0.087842899161855,0.0711083041711144,rs3809666_ENSG00000172236.17
1093,0.00619481869027012,0.838169981439647,0.000634819064358649,0.0858229705272784,0.0691774102784462,rs3809666_ENSG00000197253.13
1093,0.00599749230875923,0.811471371230391,0.000731576828425846,0.0989007466109302,0.0828988130214939,rs3809666_ENSG00000206168.1
1093,0.00620093278302335,0.838997229058296,0.000617207664226501,0.0834385481091734,0.0707460823852804,rs3809666_ENSG00000206177.7
1093,0.00234588165599961,0.31740195837484,0.00477118714752454,0.645520142058745,0.0299608307628915,rs3809666_ENSG00000103227.18
1093,0.00141824052281109,0.191890463969284,0.00579438928093864,0.7839742478478,0.0169226583791657,rs3809666_ENSG00000276931.1
1093,0.00499703331311788,0.676107490585278,0.00172159586131193,0.232850657326043,0.0843232229142499,rs3809666_ENSG00000197562.10
1093,0.0048283376171948,0.653282663033362,0.0015154917467778,0.20491326721693,0.135460240385735,rs3809666_ENSG00000127578.7
1093,0.00225269107432821,0.304793107008044,0.00052081956299065,0.0698452245856324,0.622588157769005,rs3809666_ENSG00000103253.18
1093,0.00595949700333707,0.8063305388618,0.000716073230726486,0.0967957829862722,0.0901981079178642,rs3809666_ENSG00000103326.12
1093,0.00426222649682398,0.576686822060769,0.00132958135516626,0.179656656262038,0.238064713825204,rs3809666_ENSG00000162004.17
1093,0.00536628527302872,0.726067937187392,0.00148010220667452,0.200193567661017,0.0668921076718884,rs3809666_ENSG00000260316.2
1093,0.00561251519437501,0.759383283273124,0.00119531521576402,0.161656120861835,0.0721527654549027,rs3809666_ENSG00000172366.20
1093,0.00437773001527602,0.592314653440114,0.00108676340534513,0.146785585435308,0.255435267703957,rs3809666_ENSG00000127585.12
999,0.00623765552423408,0.82575200807919,0.000725829550864341,0.0960153465273991,0.0712691603183126,rs3809666_ENSG00000280062.1
699,0.00582468839701024,0.759643639122036,0.00128137650759446,0.167048233417662,0.0662020625556979,rs3809666_ENSG00000206053.13
1093,0.00598167416514935,0.809331148279761,0.000662446847592861,0.0895357471400098,0.0944889835674869,rs3809666_ENSG00000286901.1
1093,0.00391390520960737,0.529558332683034,0.000695246426682555,0.093695940908071,0.372136574772605,rs3809666_ENSG00000103245.14
1093,0.00615134318372908,0.832287668117415,0.000667232199889482,0.0902070160558779,0.0706867404430886,rs3809666_ENSG00000007541.16
1093,0.00593457956322102,0.802959164917896,0.000657111879622252,0.0888067630925337,0.101642380546728,rs3809666_ENSG00000260051.1
1093,0.00616031980304881,0.83350222066928,0.000640816083040747,0.0866304890718852,0.0730661543727454,rs3809666_ENSG00000275438.1
1093,0.00445232095003758,0.602406939515064,0.000721195594920559,0.0972839104422738,0.295135633497704,rs3809666_ENSG00000103260.9
1093,0.00558483455256144,0.755638043227349,0.000873704511798136,0.118093964193773,0.119809453514519,rs3809666_ENSG00000276984.1
1093,0.00494400407184765,0.668932539970333,0.000759118617887238,0.102487221383681,0.222877115956251,rs3809666_ENSG00000116176.6
1093,0.00569855699169529,0.771024891408685,0.00100884362557902,0.136412480753974,0.0858552272200669,rs3809666_ENSG00000266124.1
1093,0.00615057168261741,0.832183282645494,0.000655434827938831,0.0886090957839276,0.0724016150600225,rs3809666_ENSG00000167930.17
1093,0.00572971314882641,0.775240374855414,0.000952499743212706,0.128785616737935,0.0892917955146129,rs3809666_ENSG00000130656.6
1093,0.00601712451567798,0.814127643727042,0.000723425327157557,0.0977994004052497,0.0813324060248737,rs3809666_ENSG00000103266.11
1093,0.00530422407101587,0.717670946227684,0.00100863883737955,0.136330942525411,0.139685248338509,rs3809666_ENSG00000226942.2
1093,0.00610410576991686,0.82589636205378,0.000653519949060473,0.0883434082786805,0.0790026039485628,rs3809666_ENSG00000260496.3
1093,0.00538118668855918,0.728084125199192,0.000935046691825516,0.12637425426699,0.139225387153434,rs3809666_ENSG00000277142.1
1093,0.00611574918562762,0.827471736898165,0.000660925378288458,0.0893479750084175,0.0764036135295013,rs3809666_ENSG00000207243.1
1093,0.00605218048838652,0.818870779154171,0.000755902533107844,0.102202838212078,0.0721182996122559,rs3809666_ENSG00000278995.1
1093,0.00602508612645996,0.81520486381935,0.000649732819867529,0.0878197049580967,0.0903006122762254,rs3809666_ENSG00000261720.1
1093,0.00578887127269085,0.783244574180785,0.000883621844969209,0.119464988511374,0.0906179441901805,rs3809666_ENSG00000127580.17
1093,0.00612248306365447,0.828382842566141,0.000641090047415726,0.0866624319408423,0.0781911523819468,rs3809666_ENSG00000277010.1
1093,0.0061130322060334,0.827104124729042,0.000716616476691317,0.0968903073197015,0.0691759192685321,rs3809666_ENSG00000161999.12
1093,0.00600236126322672,0.812130149425474,0.000682683934735102,0.0922794446290269,0.0889053607475374,rs3809666_ENSG00000259840.1
1093,0.0058231692504895,0.787885151549105,0.000893583617252708,0.120818872731901,0.0845792228512523,rs3809666_ENSG00000007384.15
1093,0.00602974058990242,0.815834620997442,0.000699168349595936,0.0945157999549924,0.082920670108067,rs3809666_ENSG00000228779.1
1093,0.00563361474311952,0.762238089727322,0.000844587753915006,0.114157097934449,0.117126609841194,rs3809666_ENSG00000130731.16
1093,0.00616954961008313,0.834751029969026,0.000665473954621679,0.0899713665059614,0.068442579960308,rs3809666_ENSG00000207579.1
1093,0.0060729037016658,0.821674666750906,0.00059937042695719,0.0810052364567638,0.0906478226637074,rs3809666_ENSG00000260702.3
1093,0.00594811020561673,0.804789884887713,0.000751861998790777,0.101641396289038,0.086868746618841,rs3809666_ENSG00000257108.2
1073,0.00611127349312494,0.826835539492504,0.000695827572560324,0.0940709338047973,0.072286425637014,rs3809666_ENSG00000251692.7
625,0.00246735798723098,0.595470538176438,0.000313242455687724,0.0752712486326477,0.326477612747996,rs2316443_ENSG00000126218.12
625,0.00332807354150552,0.803195058482423,0.000514104232300649,0.124004615881991,0.0689581478617804,rs2316443_ENSG00000139835.14
625,0.00359958662902332,0.868721846724291,0.000208781999958757,0.0503101495922205,0.0771596350545065,rs2316443_ENSG00000276434.1
625,0.00341778679614626,0.824846395782866,0.000226939707984677,0.0546526221689861,0.116856255544017,rs2316443_ENSG00000283828.1
625,0.00359513329435369,0.867647081892384,0.00022775342604163,0.0548922227914456,0.0736378085957752,rs2316443_ENSG00000233613.5
625,0.00359128666494688,0.866718738905717,0.000242932207478973,0.0585582087991585,0.070888833422699,rs2316443_ENSG00000269356.1
752,0.00562689265389152,0.854291706141705,0.000396330757249427,0.0600925308032254,0.0795925396439287,rs9782984_ENSG00000162458.13
752,0.00556544034670732,0.844961832696469,0.000468463441162071,0.0710455648927828,0.0779586986228792,rs9782984_ENSG00000224174.2
672,0.00546836048952402,0.830220353229348,0.000417851750250992,0.0633387574083683,0.100554677122509,rs9782984_ENSG00000280114.1
752,0.00508250723005066,0.771641479606808,0.000977254787207794,0.148295747551506,0.0740030108244269,rs9782984_ENSG00000132906.18
752,0.00553847950580519,0.840868557030837,0.000428489395892677,0.0649663461110603,0.0881981279564054,rs9782984_ENSG00000132881.12
752,0.00532408547879411,0.80831861332519,0.000735786349449085,0.111635302464365,0.0739862123822016,rs9782984_ENSG00000186510.12
752,0.00540241353061645,0.820210612896887,0.000554264947560726,0.0840603931188254,0.0897723155061103,rs9782984_ENSG00000288398.1
752,0.00562310516814682,0.853716678705098,0.000408890143258806,0.0620006763168022,0.0782506496666947,rs9782984_ENSG00000189337.17
752,0.00553738910020002,0.840703008383987,0.000507192565509214,0.0769271700785602,0.0763252398717444,rs9782984_ENSG00000232456.1
752,0.00549672136953554,0.834528711635986,0.000460978813706605,0.0698975690009996,0.0896160191797721,rs9782984_ENSG00000185519.9
752,0.0048032787022146,0.72924816768117,0.000480839406857208,0.0728098219008889,0.192657892308869,rs9782984_ENSG00000233954.6
462,0.950393299420777,0.0037030955112082,0.0453291676471942,0.00017622154495729,0.000398215875863187,rs2274115_ENSG00000213221.5
462,0.950069658942687,0.00370183448421822,0.0456887258592984,0.000177658614942857,0.000362122098853331,rs2274115_ENSG00000204003.8
462,0.955446498206046,0.00372278470488241,0.0403346326017547,0.000156819878900718,0.0003392646084162,rs2274115_ENSG00000187796.14
462,0.952313273806681,0.0037105764651821,0.0434380695905372,0.000168882122058266,0.000369198015541225,rs2274115_ENSG00000165661.16
462,0.940165145466969,0.00366324271445828,0.0551714207755497,0.00021418293237476,0.000786008110648779,rs2274115_ENSG00000176919.13
291,0.973033663821174,0.00159325430806039,0.0251931873586872,4.11127759287436e-05,0.000138781736149105,rs2274115_ENSG00000107281.10
462,0.953232618165471,0.00371415858215448,0.0425364048516054,0.000165386657914252,0.00035143174285489,rs2274115_ENSG00000165716.11
430,0.942285155316498,0.00357344056385784,0.053544637248283,0.000202663939148265,0.000394102932213278,rs2274115_ENSG00000107317.13
462,0.946854805558765,0.00368930818679751,0.0488460262410128,0.000189902828785854,0.000419957184639208,rs2274115_ENSG00000148411.8
