nsnps,PP.H0.abf,PP.H1.abf,PP.H2.abf,PP.H3.abf,PP.H4.abf,paires
850,1.00962034072884e-09,0.000115811736847196,1.72921475095647e-07,0.0188544824532988,0.981029531878757,rs10873298_ENSG00000258602.1
850,1.17246604448066e-08,0.00134491475189222,1.31498593709492e-07,0.0140994120924575,0.984555529932395,rs10873298_ENSG00000243225.2
850,7.14540400871124e-06,0.819636466640894,6.13843849022719e-07,0.0703028730677114,0.110052901043537,rs10873298_ENSG00000287004.1
850,7.59424839407297e-06,0.871122600334802,5.2816885793673e-07,0.0605169492142227,0.0683523280337223,rs10873298_ENSG00000223174.1
850,7.05060577944939e-06,0.808762331940985,6.29697444331876e-07,0.0721123457848354,0.119117641970956,rs10873298_ENSG00000100583.4
850,7.40274555319975e-06,0.849155653237946,6.04155264500296e-07,0.0692199494404007,0.0816163904208363,rs10873298_ENSG00000071246.11
726,6.94944928625701e-06,0.797158846052457,5.57935174042719e-07,0.0638607688560039,0.138972877707078,rs10873298_ENSG00000283629.1
850,7.47111102481886e-06,0.85699773375989,6.42166856264771e-07,0.0735924055375183,0.0694017474247107,rs10873298_ENSG00000258610.1
850,7.47579484313413e-06,0.857535006150595,6.35737365323928e-07,0.0728546897285449,0.0696021925886516,rs10873298_ENSG00000246548.3
850,7.3159525459287e-06,0.839199783181886,5.97008148900504e-07,0.0683893300568399,0.0924029738005789,rs10873298_ENSG00000258301.3
850,7.49302479517459e-06,0.859511423018503,6.2576973309004e-07,0.0717121544173859,0.0687683037695826,rs10873298_ENSG00000100580.8
633,7.71117517096647e-06,0.88453503465018,4.02076977710418e-07,0.0460521222132714,0.0694047298844005,rs10873298_ENSG00000199440.1
556,6.05242510421096e-08,0.057604224101268,1.75497025276473e-08,0.0157763878302313,0.926619309994547,rs7612445_ENSG00000114450.10
556,9.18152577525945e-07,0.873855783827274,5.08884217554989e-08,0.048355493129128,0.0777877540025978,rs7612445_ENSG00000201822.1
556,9.26911268211659e-07,0.882191906495566,4.2960517903198e-08,0.0408108670079794,0.0769962566246691,rs7612445_ENSG00000239096.1
556,8.95477833435664e-07,0.852274995671685,4.72601103009034e-08,0.0448771724907319,0.10284688909964,rs7612445_ENSG00000058056.9
556,9.13833435844842e-07,0.869745021594954,4.50063483500485e-08,0.0427474849224536,0.0875065346428085,rs7612445_ENSG00000121879.5
556,9.18310266322164e-07,0.874005864837766,4.73237491927315e-08,0.044959554361935,0.0810336151662841,rs7612445_ENSG00000171121.16
556,9.08415090126567e-07,0.864588087049882,5.90094265234774e-08,0.056083155363586,0.0793277901620157,rs7612445_ENSG00000260743.1
556,9.11058760772687e-07,0.867104212300949,5.73470265326844e-08,0.0545018936710967,0.0783929256221667,rs7612445_ENSG00000171109.19
262,3.33053743352695e-08,0.000585117936398504,9.72573884314961e-08,0.00070993962026688,0.998704811880572,rs242557_ENSG00000186868.15
262,4.57499554724135e-05,0.803747745540102,6.38528951243835e-06,0.112094408940692,0.0841057102742205,rs242557_ENSG00000120071.14
262,4.5971307582514e-05,0.807636520023634,5.8099941400146e-06,0.101981237552835,0.0903304611218083,rs242557_ENSG00000260075.1
262,4.81730530023725e-05,0.846317386468009,4.40809966058579e-06,0.0773664383217573,0.0762635940575704,rs242557_ENSG00000228696.9
262,5.08194533527281e-05,0.892810072492095,1.74479221281104e-06,0.0305764264377404,0.0765609368245995,rs242557_ENSG00000214425.8
262,5.16251054583437e-05,0.906963989296858,1.28608706970562e-06,0.0225238705834256,0.0704592289271888,rs242557_ENSG00000176681.14
262,5.1099508775861e-05,0.897730162853824,1.42983725399133e-06,0.0250425977031844,0.0771747100969616,rs242557_ENSG00000285668.1
262,5.18200368769739e-05,0.910388597837809,1.12114007817471e-06,0.0196265640003923,0.0699318969848425,rs242557_ENSG00000263503.1
262,5.09199856605377e-05,0.894576251604654,1.25433909232478e-06,0.0219531542322765,0.0834184198383169,rs242557_ENSG00000262500.1
262,5.14589402457011e-05,0.904044753339804,1.39538305584892e-06,0.0244430122455629,0.0714593800913313,rs242557_ENSG00000238083.7
262,4.51381785167072e-05,0.792999880458161,1.17828255555597e-06,0.020513950735103,0.186439852345664,rs242557_ENSG00000204650.14
262,5.14511324998488e-05,0.903907584722661,1.28735212366584e-06,0.0225430580079535,0.0734966187847616,rs242557_ENSG00000214401.4
262,5.13947130636673e-05,0.902916392618379,1.44079701174857e-06,0.025240526193014,0.0717902456785316,rs242557_ENSG00000266504.1
262,5.13947130636673e-05,0.902916392618379,1.44079701174857e-06,0.025240526193014,0.0717902456785316,rs242557_ENSG00000266497.1
262,5.16470258058171e-05,0.907349091963763,1.30601154262259e-06,0.0228746450986157,0.069723309900272,rs242557_ENSG00000264070.1
262,5.05882119547767e-05,0.888747560291596,1.31876836512176e-06,0.0230803635902695,0.0881201691378147,rs242557_ENSG00000262539.1
262,5.0295043913998e-05,0.883597103872411,1.40033335095231e-06,0.0245095981629924,0.0918416025873309,rs242557_ENSG00000279685.2
262,4.88898597783867e-05,0.858910444193643,1.39090366850428e-06,0.0243190563034449,0.116720218739466,rs242557_ENSG00000256762.1
262,4.9050621652444e-05,0.861734752818822,1.21431557256012e-06,0.0212164299448706,0.116998552299082,rs242557_ENSG00000280022.1
120,5.22809227001128e-05,0.918389402707856,5.70534266516507e-07,0.00995064570623417,0.0716071001289437,rs242557_ENSG00000262633.2
262,5.15895157536492e-05,0.906338739619186,1.25860550385424e-06,0.0220399576835684,0.0715684545759881,rs242557_ENSG00000265411.1
262,5.15895157536492e-05,0.906338739619186,1.25860550385424e-06,0.0220399576835684,0.0715684545759881,rs242557_ENSG00000265315.1
262,4.90995793793171e-05,0.862594855570721,2.58248048119066e-06,0.0452776484453684,0.0920758139240497,rs242557_ENSG00000266918.1
262,5.15825681687962e-05,0.906216682546017,1.30078792763632e-06,0.0227816497256722,0.0709487843722139,rs242557_ENSG00000261575.2
150,0.330042406164026,0.608837856864095,0.00460019128212636,0.00843801161355029,0.0480815340762023,rs242557_ENSG00000278223.1
262,5.07126020124101e-05,0.890932878886074,1.32332179883875e-06,0.023162627271905,0.0858524579182086,rs242557_ENSG00000204652.6
262,5.1547322028568e-05,0.905597468702968,1.3805777695352e-06,0.0241842029010378,0.0701654004961964,rs242557_ENSG00000131484.4
262,5.12675952352795e-05,0.900683151800336,1.22491676947885e-06,0.0214418507226197,0.0778225049650394,rs242557_ENSG00000238723.1
262,5.13221712465873e-05,0.901641958111648,1.58421351300388e-06,0.0277613530222887,0.0705437824813031,rs242557_ENSG00000232300.1
270,0.000473539049136877,0.856457301444171,1.44415666750392e-05,0.0260024097418152,0.117052308198202,rs2012809_ENSG00000113396.13
270,0.000488539126653532,0.883586903395234,1.61446614507446e-05,0.0291129362119168,0.0867954766047449,rs2012809_ENSG00000145808.10
270,0.000487143867559832,0.88106339484745,1.24025421338226e-05,0.0223355179557308,0.0961015407871254,rs2012809_ENSG00000066583.12
616,2.6952507824442e-30,0.000584666776093391,1.48007450070978e-28,0.0311382115340068,0.968277121689897,rs2540949_ENSG00000011523.14
616,4.03097519156611e-27,0.874418545805277,2.38591739751019e-28,0.0516825700096813,0.0738988841850437,rs2540949_ENSG00000199964.1
616,3.90505597393076e-27,0.847103542873974,3.29722841783522e-28,0.0714436134565066,0.0814528436695195,rs2540949_ENSG00000138071.13
616,3.6779959885716e-27,0.797848597662765,3.01313639624533e-28,0.0652254794680249,0.136925922869207,rs2540949_ENSG00000223739.1
616,4.08532109835206e-27,0.886207521555281,2.05556612382926e-28,0.0445210585967216,0.0692714198479969,rs2540949_ENSG00000272025.1
616,3.92755473673255e-27,0.851984082821904,2.36339959100822e-28,0.051171157033816,0.0968447601442784,rs2540949_ENSG00000238201.1
616,4.04675579562956e-27,0.877841750414911,2.42458013736541e-28,0.0525255269384508,0.069632722646639,rs2540949_ENSG00000223863.1
616,4.02871996741388e-27,0.873929331724331,2.27086253596207e-28,0.0491837565319123,0.0768869117437558,rs2540949_ENSG00000283204.1
529,3.94904476779632e-27,0.856645803824655,1.95701124584277e-28,0.0423514273849555,0.101002768790386,rs2540949_ENSG00000230923.2
616,4.06399840649871e-27,0.881582100579714,2.24488418474847e-28,0.0486273179603157,0.0697905814599695,rs2540949_ENSG00000232693.2
616,3.7098749842045e-27,0.804763942877835,2.54839944731302e-28,0.0551410127012375,0.14009504442093,rs2540949_ENSG00000138069.18
616,4.05750160901984e-27,0.880172783991571,2.34924904436086e-28,0.0508921062134675,0.0689351097949611,rs2540949_ENSG00000119844.15
529,4.11203509109776e-27,0.892002449476997,1.76756578110691e-28,0.0382731635366224,0.0697243869863817,rs2540949_ENSG00000270354.1
87,0.991357183590531,0.000965840634953828,0.00758546223624156,7.30601245133569e-06,8.42075258223015e-05,rs2540949_ENSG00000227293.1
616,4.06335689061528e-27,0.881442939865682,2.24785282257416e-28,0.0486916402428595,0.0698654198914577,rs2540949_ENSG00000234572.1
616,3.72367313984874e-27,0.807757105231815,3.26678676409198e-28,0.070743211607792,0.121499683160396,rs2540949_ENSG00000237217.1
368,1.68372753473667e-35,0.0605635232059758,6.58825979959744e-36,0.0227812541497484,0.916655222644279,rs60212594_ENSG00000177791.12
368,7.10328650485806e-35,0.255504556527281,2.01057519096469e-34,0.72318071602388,0.0213147274488328,rs60212594_ENSG00000166321.14
368,1.32342719316497e-34,0.476035533487914,1.27350672671864e-34,0.458013236794328,0.0659512297177617,rs60212594_ENSG00000213551.6
368,2.19558629561372e-34,0.789750353437798,1.14323916964508e-35,0.0409529101244297,0.169296736437775,rs60212594_ENSG00000271848.2
368,2.11993471450987e-34,0.762538549905296,4.80411085674683e-35,0.172738699034264,0.0647227510604416,rs60212594_ENSG00000138286.15
368,2.40596215305499e-34,0.865422354169878,1.72281755503923e-35,0.0618969068704748,0.0726807389596536,rs60212594_ENSG00000215086.2
368,2.40431613697589e-34,0.864830283713418,1.45385853833593e-35,0.0522121992159258,0.0829575170706593,rs60212594_ENSG00000201047.1
368,2.45590801056995e-34,0.883387832777571,8.74227955601801e-36,0.0313606469306616,0.0852515202917635,rs60212594_ENSG00000166317.12
368,2.32208630334884e-34,0.835252288851715,1.92334832913924e-35,0.0690870002373873,0.0956607109108926,rs60212594_ENSG00000122882.11
368,2.14766266523855e-34,0.772512268056039,8.81149540630308e-36,0.0314988783686594,0.195988853575307,rs60212594_ENSG00000279689.1
184,2.51887602819124e-34,0.906037370293376,4.22235596726459e-36,0.0151089215304888,0.0788537081761308,rs60212594_ENSG00000271710.1
368,2.20168678847981e-34,0.791944695061613,8.59771393761277e-36,0.0307485905484589,0.177306714389935,rs60212594_ENSG00000172650.13
368,2.49673875460716e-34,0.898074613524443,7.67515847189388e-36,0.0275330815072833,0.0743923049682719,rs60212594_ENSG00000207473.1
368,2.42729911384936e-34,0.873097239170891,8.19751093559602e-36,0.029388856873776,0.0975139039553309,rs60212594_ENSG00000196968.11
243,6.27820016869006e-05,0.869995739961153,2.23597987740537e-06,0.030885829447336,0.0990534126099462,rs1278493_ENSG00000227267.3
243,6.03420259377403e-05,0.836184003311462,2.04287881862925e-06,0.0281734227371081,0.135580189046673,rs1278493_ENSG00000114054.14
219,8.70552695859113e-05,0.901764229910554,1.6868001707072e-06,0.0173920075611294,0.0807550204585596,rs1278493_ENSG00000154928.18
235,6.50483504683847e-05,0.901401378467185,1.43491148113381e-06,0.0198054237329211,0.0787267145379453,rs1278493_ENSG00000214283.4
727,1.00924048793799e-18,0.337192872717834,1.3180142319528e-18,0.440133227857127,0.222673899425036,rs34969716_ENSG00000124795.17
727,1.02790049929834e-18,0.343427286527769,1.04977952895267e-19,0.0344515981139552,0.622121115358279,rs34969716_ENSG00000165097.16
727,2.54423392605749e-18,0.850042736737897,1.76649140549261e-19,0.058928433703738,0.0910288295583637,rs34969716_ENSG00000137177.20
727,2.631456915738e-18,0.879184423787632,1.55146031727375e-19,0.0517661045418293,0.0690494716705362,rs34969716_ENSG00000278102.1
727,2.631456915738e-18,0.879184423787632,1.55146031727375e-19,0.0517661045418293,0.0690494716705362,rs34969716_ENSG00000201415.1
727,2.60027410774692e-18,0.86876607381893,1.75484755752701e-19,0.0585577589149978,0.0726761672660695,rs34969716_ENSG00000286885.1
461,2.6827238996953e-18,0.896313008899652,9.98566628158552e-20,0.0332922729485889,0.070394718151762,rs34969716_ENSG00000217379.2
967,1.29890351700214e-17,0.31211250046742,2.54285027661784e-17,0.610942540137708,0.0769449593948729,rs12908004_ENSG00000259417.3
967,2.58141950201595e-17,0.620287253813197,3.09865086429708e-18,0.0741516758739225,0.305561070312877,rs12908004_ENSG00000259495.3
967,2.90144994256566e-17,0.697187115672216,2.64140757359413e-18,0.0632305917239226,0.239582292603864,rs12908004_ENSG00000172379.21
967,3.50537356646939e-17,0.842303446393204,3.17284484979443e-18,0.0761585003099892,0.0815380532968093,rs12908004_ENSG00000213527.5
939,3.47739372328682e-17,0.835580191968154,3.5442327867387e-18,0.0850847547214809,0.0793350533103637,rs12908004_ENSG00000259493.2
967,3.54699157964662e-17,0.852303805917375,2.83485455092223e-18,0.068038838804612,0.0796573552780129,rs12908004_ENSG00000260674.2
967,3.48704163160867e-17,0.837898480240684,3.44756632115394e-18,0.0827619593457651,0.079339560413549,rs12908004_ENSG00000117899.11
967,3.51189872053493e-17,0.843871370511258,3.17813439555885e-18,0.0762872991104114,0.0798413303783281,rs12908004_ENSG00000259649.4
967,3.50799869313931e-17,0.842934236007882,3.21878647354963e-18,0.0772641644133039,0.079801599578815,rs12908004_ENSG00000286813.1
967,3.47677501912481e-17,0.835431524033604,3.53352841621389e-18,0.0848271339586749,0.0797413420077245,rs12908004_ENSG00000279394.1
967,3.49633967691775e-17,0.84013270020613,3.1330229334643e-18,0.0751984918722648,0.0846688079216044,rs12908004_ENSG00000259175.1
967,3.453089256228e-17,0.829740090769749,3.23209436383397e-18,0.0775710513998859,0.0926888578303619,rs12908004_ENSG00000277782.1
553,0.00064503051226921,0.345071064520448,0.00113271350692429,0.605918916917361,0.0472322745429979,rs2694635_ENSG00000237651.6
553,0.00156633041443876,0.837937575386442,9.66294232780884e-05,0.0515848918802505,0.108814572895591,rs2694635_ENSG00000227361.1
553,0.00164454107350421,0.879777821494517,8.75203107391603e-05,0.046748876108819,0.0717412410124198,rs2694635_ENSG00000234624.2
553,0.00162035015667144,0.866836440793248,8.75488144792487e-05,0.0467511614567357,0.0847044987788656,rs2694635_ENSG00000173209.23
553,0.00161681225039277,0.864943772055056,8.87581654598716e-05,0.0473968769654913,0.0859537805635993,rs2694635_ENSG00000273302.1
553,0.00165990707911711,0.887998151871786,7.61180323265266e-05,0.0406511418481816,0.0696146811685882,rs2694635_ENSG00000241524.3
553,0.0016439834844377,0.87947952885706,8.07589212449275e-05,0.0431278184262848,0.0756679103109728,rs2694635_ENSG00000162928.9
553,0.00166392832668614,0.890149393019219,7.32352914602087e-05,0.0391095768423754,0.0690038665202594,rs2694635_ENSG00000226884.1
333,0.0142877763876899,0.822284261407538,0.0014722884023012,0.084655239368484,0.0773004344339872,rs5754508_ENSG00000224086.6
333,0.0143012761397923,0.823061193617668,0.000686261310829131,0.0393728517880698,0.12257841714364,rs5754508_ENSG00000283145.1
333,0.0154705332168712,0.890353798564212,0.000425409914442627,0.0244136807794858,0.0693365775249877,rs5754508_ENSG00000228161.1
333,0.0152140968614836,0.875595478349345,0.000503830783163173,0.0289164930099425,0.0797701009960653,rs5754508_ENSG00000185651.14
333,0.0149675272298828,0.861405003785293,0.000525293451951657,0.0301385101791304,0.092963665353742,rs5754508_ENSG00000100023.19
333,0.0152686249089189,0.878733654227433,0.000590186008462908,0.0338946308046453,0.0715129040505407,rs5754508_ENSG00000100038.19
333,0.0154705332168712,0.890353798564212,0.000425409914442627,0.0244136807794858,0.0693365775249877,rs5754508_ENSG00000284621.1
333,0.0154184189429697,0.887354539193046,0.000456984349628843,0.0262296359118622,0.0705404216024937,rs5754508_ENSG00000230513.2
333,0.0153921777123991,0.885844314626767,0.000467524110644037,0.0268352956596103,0.0714606878905798,rs5754508_ENSG00000273846.1
333,0.0154705332168712,0.890353798564212,0.000425409914442627,0.0244136807794858,0.0693365775249877,rs5754508_ENSG00000286102.1
333,0.0147904125923148,0.851211774623154,0.000483420429567125,0.0277158162146964,0.105798576140268,rs5754508_ENSG00000276800.1
128,0.961717435751306,0.0254061268638798,0.0103457795034238,0.000271049553801071,0.0022596083275892,rs5754508_ENSG00000253546.1
333,0.015308740549847,0.88104237318246,0.000575436748478025,0.0330472741567372,0.0700261753624783,rs5754508_ENSG00000228050.1
333,0.0150213380264968,0.864501900737544,0.000495594614907259,0.0284307080664095,0.0915504585546426,rs5754508_ENSG00000227710.1
333,0.0154187964870854,0.887376267457539,0.000460880986458923,0.0264541440711629,0.0702899109977541,rs5754508_ENSG00000284651.1
333,0.0137335394142638,0.79038704185621,0.000606514887321574,0.0347453691297673,0.160527534712438,rs5754508_ENSG00000161180.11
333,0.0153943311056199,0.885968245832439,0.000483687116610579,0.0277665758944064,0.0703871600509244,rs5754508_ENSG00000225544.1
333,0.0150910285434299,0.868512700857063,0.000514551788855617,0.0295269192449253,0.0863547995657265,rs5754508_ENSG00000211641.3
106,0.964495076811323,0.0245594072896925,0.00854186021195375,0.000215317203017086,0.00218833848401332,rs5754508_ENSG00000254240.1
209,0.952444799341116,0.0265954073157717,0.018042740957685,0.000501397316763976,0.00241565506866321,rs5754508_ENSG00000253451.1
333,0.0154705332168712,0.890353798564212,0.000425409914442627,0.0244136807794858,0.0693365775249877,rs5754508_ENSG00000169575.5
721,2.12974704695124e-26,0.01983693721256,1.1122987942956e-25,0.102724542642989,0.877438520144454,rs3820888_ENSG00000196141.14
721,9.42167947919023e-25,0.877556161108933,5.62075541466732e-26,0.0522828037958809,0.0701610350951877,rs3820888_ENSG00000227004.2
721,9.20851964072646e-25,0.857701980125806,7.53916597142166e-26,0.0701493183145581,0.072148701559638,rs3820888_ENSG00000138356.14
721,9.28302211287232e-25,0.864641305921577,6.77334819224715e-26,0.0630161274941,0.072342566584326,rs3820888_ENSG00000162971.11
601,9.47918741937887e-25,0.882912578437361,4.99929218216732e-26,0.0464939247011376,0.070593496861505,rs3820888_ENSG00000234431.2
668,0.000452228549263285,0.852848445445215,3.42285226036206e-05,0.0644686647190582,0.0821964327638603,rs4970418_ENSG00000268663.1
668,0.000349044351499451,0.658255506099044,0.000148059706441032,0.279160644054858,0.0620867457881572,rs4970418_ENSG00000186891.14
668,0.000457021245093553,0.86188689114926,2.9627798940555e-05,0.0557926179360618,0.0818338418706443,rs4970418_ENSG00000223663.2
668,0.000461764234712878,0.870831596940601,2.58732549926167e-05,0.048713868288507,0.0799668972811869,rs4970418_ENSG00000269732.1
668,0.000453682222482943,0.855589897632589,2.87494693291479e-05,0.0541282287313808,0.0897994419442184,rs4970418_ENSG00000237973.1
668,0.000461764234712878,0.870831596940601,2.58732549926167e-05,0.048713868288507,0.0799668972811869,rs4970418_ENSG00000278073.1
668,0.000453602588623977,0.855439717788936,2.85340744494612e-05,0.0537214627524987,0.0903566827954927,rs4970418_ENSG00000248527.1
668,0.000461764234712878,0.870831596940601,2.58732549926167e-05,0.048713868288507,0.0799668972811869,rs4970418_ENSG00000235146.2
668,0.000459006243497565,0.865630358486365,2.87756041912099e-05,0.0541876211293226,0.0796942385366239,rs4970418_ENSG00000188157.15
668,0.000457488813788248,0.862768669256945,3.04318616039747e-05,0.0573113848598262,0.0794320252078366,rs4970418_ENSG00000235098.8
668,0.00043870295026589,0.827340798708989,2.67634900404012e-05,0.0503508681393243,0.12184286671138,rs4970418_ENSG00000187642.9
668,0.000457494277577282,0.862778973303407,3.02379664019318e-05,0.0569453660149024,0.0797879284377115,rs4970418_ENSG00000230021.10
668,0.000459193392347388,0.865983298622272,2.85588740495809e-05,0.0537788383762793,0.0797501107350518,rs4970418_ENSG00000197785.14
668,0.000459744976558892,0.867023519851293,2.79970369926599e-05,0.0527192621534012,0.0797694759817543,rs4970418_ENSG00000198744.5
668,0.00043408192755653,0.818626107784534,3.41402945314418e-05,0.0642678358254779,0.116637834167901,rs4970418_ENSG00000272512.1
668,0.000458387789376463,0.864464028681181,2.92345713273676e-05,0.0550528765021684,0.079995472455947,rs4970418_ENSG00000189409.14
668,0.000455701358001487,0.859397743446257,2.85881036679568e-05,0.0538274214727011,0.0862905456193724,rs4970418_ENSG00000198976.1
668,0.000457769811876777,0.863298597726442,2.91615001894198e-05,0.0549137679274464,0.0813007030340455,rs4970418_ENSG00000175756.13
668,0.000450491398879299,0.849572389550689,3.70761483241028e-05,0.0698410404586082,0.0800990024434992,rs4970418_ENSG00000230415.1
668,0.000455027014097604,0.858126012258433,2.92733744994245e-05,0.0551197801651506,0.0862699071878194,rs4970418_ENSG00000225972.1
668,0.000457855412148812,0.863460029504808,3.00886497447819e-05,0.0566641729017252,0.0793878535315733,rs4970418_ENSG00000250575.1
405,0.926648947868999,0.00803983650355224,0.063780339559436,0.000552395592173952,0.000978480475838935,rs4970418_ENSG00000187730.9
668,0.000458259958888485,0.864222955814087,2.95939024919369e-05,0.0557309689468475,0.0795582213776853,rs4970418_ENSG00000187608.10
668,0.00044203925478742,0.833632666237818,3.16095215534186e-05,0.0595053530364738,0.106388331949368,rs4970418_ENSG00000188290.10
542,0.000465979870569538,0.878781386727162,2.12713303891606e-05,0.0400344462427607,0.0806969158291187,rs4970418_ENSG00000273874.1
668,0.000451600586615699,0.851664183707065,3.2440457286373e-05,0.0610920260910692,0.0867597491579629,rs4970418_ENSG00000008128.23
668,0.000458472366698099,0.864623531298595,2.90037970741915e-05,0.0546173879904279,0.080271604547204,rs4970418_ENSG00000225285.1
668,0.000456671981579208,0.861228222328495,2.83349394918041e-05,0.0533513395158837,0.0849354312345495,rs4970418_ENSG00000286448.1
314,0.000472892843917675,0.891817041346613,1.36718325156602e-05,0.0257013793390352,0.0819950146379186,rs4970418_ENSG00000186092.6
884,6.29796108847458e-06,0.83532767838072,6.03080400716891e-07,0.0799045791895729,0.0847608413882187,rs6089752_ENSG00000125514.9
884,6.29796108847458e-06,0.83532767838072,6.03080400716891e-07,0.0799045791895729,0.0847608413882183,rs6089752_ENSG00000207598.1
884,6.32861082322788e-06,0.839392894315652,6.32785221288723e-07,0.0838524799677871,0.0767476643205158,rs6089752_ENSG00000101188.5
884,6.49218941495656e-06,0.86108907873819,5.47610876454049e-07,0.0725658226767757,0.0663380587847421,rs6089752_ENSG00000167046.4
884,6.45789953143789e-06,0.856541053053495,5.55776711589459e-07,0.0736454266725485,0.0698065065977144,rs6089752_ENSG00000228812.7
673,6.54615384347162e-06,0.868246617040249,4.28797445021915e-07,0.056798437522443,0.0749479704860199,rs6089752_ENSG00000226390.1
884,4.94092462948468e-06,0.65533766274844,5.73885489646008e-07,0.0758482755360154,0.268808546905426,rs6089752_ENSG00000174403.16
884,6.55822910231413e-06,0.869848227603422,4.79528919775474e-07,0.0635355270465525,0.0666092075920032,rs6089752_ENSG00000237687.2
884,6.4949769603346e-06,0.861458803761306,5.38772975853202e-07,0.0713928077893708,0.0671413546993878,rs6089752_ENSG00000149679.11
884,6.19430230382025e-06,0.821578934825043,6.37145232064161e-07,0.0844135152878894,0.0940007184395326,rs6089752_ENSG00000092758.18
884,6.09848864880147e-06,0.808870727060712,5.89479684719074e-07,0.0780723640062051,0.113050220964749,rs6089752_ENSG00000101199.13
884,6.39726395703522e-06,0.848498676658734,5.26125145439468e-07,0.0697006151732472,0.081793784778916,rs6089752_ENSG00000174407.13
884,6.43313052185543e-06,0.85325582486938,5.9276647406787e-07,0.0785531723079177,0.0681839769257059,rs6089752_ENSG00000184402.15
884,6.4018998815261e-06,0.849113560743872,5.48742544968131e-07,0.0727040837545061,0.0781754048591956,rs6089752_ENSG00000264490.3
884,6.45696802746123e-06,0.856417503377131,5.49249551517133e-07,0.072778708999136,0.0707967814061549,rs6089752_ENSG00000101193.8
884,5.20702612929517e-06,0.690631934168616,4.93485307978261e-07,0.0652090832237394,0.244153282096208,rs6089752_ENSG00000223669.1
884,6.44400782184379e-06,0.854698531424516,5.81815382876102e-07,0.077100668687389,0.0681937740648912,rs6089752_ENSG00000260542.1
884,6.40274038979106e-06,0.849225041238553,5.94350363239898e-07,0.0787594262885782,0.0720085353821156,rs6089752_ENSG00000101190.13
884,6.33458655866485e-06,0.840185483717058,5.49843843591508e-07,0.0728413632156077,0.0869662686369319,rs6089752_ENSG00000266104.1
884,6.46406484284252e-06,0.85735878679141,5.74201184010429e-07,0.076092414324496,0.0665417606180674,rs6089752_ENSG00000284508.1
556,7.26896626916728e-08,0.000205469033025487,0.000194103512180239,0.548213436630334,0.451386918134799,rs2885697_ENSG00000235358.2
556,4.24516644909466e-06,0.0119996463462423,9.8019333059815e-05,0.27635588163004,0.711542207524209,rs2885697_ENSG00000287400.1
556,0.000310173436421101,0.876755149105084,1.86555786860181e-05,0.0526627430125869,0.0702532788672225,rs2885697_ENSG00000286838.1
556,0.000276435034392261,0.781388124634284,1.53103579047507e-05,0.0431019730897834,0.175218156883635,rs2885697_ENSG00000179862.7
556,0.000308261301906795,0.871350193089045,1.73427026807762e-05,0.048942559275016,0.0793816436313515,rs2885697_ENSG00000010803.16
556,0.00030115604384328,0.851266037383173,1.62056152393331e-05,0.0457050686872175,0.102711532270528,rs2885697_ENSG00000233910.1
556,0.000306868876713428,0.867414279130344,1.5962516002113e-05,0.0450333915940038,0.0872294978829376,rs2885697_ENSG00000164002.11
556,0.000304256632284704,0.860030349738997,1.7282377642686e-05,0.0487605349111493,0.0908875763399265,rs2885697_ENSG00000213172.3
556,0.00030390917220632,0.859048197894061,1.73032228098407e-05,0.0488185326510025,0.0918120570599194,rs2885697_ENSG00000127124.16
556,0.000310207447002785,0.876851285489166,1.5258948974246e-05,0.0430521044852654,0.0797711436295919,rs2885697_ENSG00000227278.1
556,0.000307974441018984,0.870539334611392,1.52124648900991e-05,0.0429142576613234,0.0862232208213766,rs2885697_ENSG00000264582.2
286,2.7714804347592e-05,0.899943193166838,6.91311798092026e-07,0.0223703209586684,0.077658079758348,rs223449_ENSG00000250920.3
286,2.64529908293315e-05,0.858970127921183,1.05001912933169e-06,0.0339887554304293,0.107013613638429,rs223449_ENSG00000251571.1
286,2.57161577009643e-05,0.835043999846912,1.20950012155527e-06,0.0391485866654313,0.125780487829835,rs223449_ENSG00000251577.5
286,8.19324369968707e-06,0.266047481519786,4.23773407379047e-06,0.137008944992433,0.596931142510009,rs223449_ENSG00000164037.17
286,2.58156824001721e-05,0.838275723025639,1.06029013323995e-06,0.0343018891485725,0.127395511853255,rs223449_ENSG00000164039.15
286,1.70944761482783e-05,0.555084468843906,2.61295375343073e-06,0.0844862996558927,0.3604095240703,rs223449_ENSG00000109332.20
545,0.00107292537356672,0.86949073542328,7.20231989445986e-05,0.0582959959331466,0.0710683200710627,rs4951258_ENSG00000286619.1
545,0.000640647103861499,0.519175643718423,0.000283030559378681,0.229115072714091,0.250785605904246,rs4951258_ENSG00000117280.13
545,0.000987730320589364,0.800449298718831,0.000165540873212386,0.134088782646844,0.064308647440523,rs4951258_ENSG00000162877.13
545,0.00104648229987447,0.848061465356627,6.21669674272792e-05,0.0502790968170242,0.100550788559047,rs4951258_ENSG00000158711.13
242,0.00161384274492925,0.908246302762108,3.15763572518507e-05,0.0176982865764922,0.0724099915592192,rs4951258_ENSG00000251861.1
545,0.00107699932106189,0.872792232145163,5.40257062961413e-05,0.0436996531022126,0.0823770897252666,rs4951258_ENSG00000174502.19
545,0.00109178459198032,0.88477410562958,5.31919163436902e-05,0.0430352873910892,0.0710456304710068,rs4951258_ENSG00000117222.14
545,0.00109677976097523,0.888822153396878,4.83316588025904e-05,0.039096680437342,0.0709360547460027,rs4951258_ENSG00000229509.1
545,0.00109677976097523,0.888822153396878,4.83316588025904e-05,0.039096680437342,0.0709360547460027,rs4951258_ENSG00000225063.1
229,0.0989682686002518,0.81587388822635,0.00195234954780254,0.0160275870041042,0.0671779066214916,rs4951258_ENSG00000252650.1
531,0.00108100006682153,0.876034198499371,5.48597581451336e-05,0.0443794785709329,0.0784504631047301,rs4951258_ENSG00000143486.16
545,0.00108667658286311,0.880634613067199,5.30658052954601e-05,0.0429288367591136,0.075296807785529,rs4951258_ENSG00000196550.10
545,0.00109153818089775,0.884574415922657,5.3869941364339e-05,0.04358510437921,0.0706950715758707,rs4951258_ENSG00000225483.1
545,0.00105142194691986,0.852064518549367,5.47958520158742e-05,0.0443036249111748,0.102525638740523,rs4951258_ENSG00000198049.7
545,0.00108435237144185,0.878751089433831,5.59540635334384e-05,0.0452699178552517,0.0748386862759415,rs4951258_ENSG00000285521.1
545,0.00107580602314293,0.871825192395059,5.24249806283199e-05,0.0424001676182385,0.0846464089829312,rs4951258_ENSG00000162873.14
545,0.00108792824033585,0.881648946965228,5.55836548006818e-05,0.0449723448657086,0.072235196273927,rs4951258_ENSG00000234981.1
696,3.51683243462494e-07,0.792291210436745,2.84864711307765e-08,0.0640322011268764,0.143676208266664,rs4965430_ENSG00000183571.11
696,3.50492248979308e-07,0.78960807304465,2.56695540534834e-08,0.0576770582659652,0.152714492527581,rs4965430_ENSG00000259424.1
533,3.83215131410834e-07,0.863327968748185,3.09507821433181e-08,0.0696606006793644,0.0670110164065371,rs4965430_ENSG00000241562.2
696,3.38350448262461e-07,0.762254361528228,3.32150900552771e-08,0.0746656886210945,0.163079578285138,rs4965430_ENSG00000140443.15
696,3.64487048262042e-07,0.82113632089169,2.54062181162114e-08,0.0571147666600622,0.121748522554982,rs4965430_ENSG00000278090.3
696,3.9171227849038e-07,0.882470805866462,2.24143123808714e-08,0.0504290869108069,0.0670996930961405,rs4965430_ENSG00000283372.1
118,0.867466201263464,0.1102241470666,0.0113305914673317,0.00143016688861239,0.00954889331399223,rs4965430_ENSG00000259655.1
696,3.2255397423883e-07,0.726667202465446,2.39393170654591e-08,0.0537121801415484,0.219620270899715,rs4965430_ENSG00000259706.1
696,3.87056019622921e-07,0.871980931689106,2.6997671402001e-08,0.0607545639372814,0.0672640903199213,rs4965430_ENSG00000259611.2
696,3.87969178378492e-07,0.874038145586046,2.50250908297883e-08,0.0563082376209512,0.0696532037987342,rs4965430_ENSG00000278022.1
696,3.67381287835197e-07,0.827656621808312,2.50913982819736e-08,0.056411340227487,0.115931645491515,rs4965430_ENSG00000259257.1
696,3.89116410121482e-07,0.876622691887872,2.47201910051576e-08,0.0556232422022473,0.06775365207328,rs4965430_ENSG00000259041.1
696,3.85579543040289e-07,0.868654644637959,2.86265845772394e-08,0.0644246122276681,0.0669203289282466,rs4965430_ENSG00000182253.15
105,0.88693728421917,0.0854736077709629,0.0129610388129921,0.00123565502979194,0.0133924141670834,rs4965430_ENSG00000259363.6
886,0.00643706487642584,0.841789044936752,0.000577960177202597,0.0755054252551024,0.0756905047545176,rs3809666_ENSG00000260710.1
886,0.00622917477487511,0.814602801921386,0.000813229446573337,0.106275713319765,0.0720790805374013,rs3809666_ENSG00000242612.7
886,0.00648311443577079,0.847811046473929,0.000556909501481759,0.0727558798305412,0.0723930497582775,rs3809666_ENSG00000172236.17
886,0.00646304617946531,0.845186676728829,0.000593992654223951,0.0776075691106676,0.0701487153268138,rs3809666_ENSG00000197253.13
886,0.00649276397509769,0.849072937825035,0.000559655335180143,0.0731165935059098,0.0707580493587771,rs3809666_ENSG00000206168.1
886,0.00630047334374073,0.823926671626435,0.000599709133684695,0.0783344356306994,0.0908387102654402,rs3809666_ENSG00000206177.7
886,0.00557947456157483,0.72964008482152,0.00145555829790662,0.190273488989048,0.0730513933299509,rs3809666_ENSG00000103227.18
886,0.00602431599553623,0.787812971537955,0.00104452227628794,0.136525869013474,0.0685923211767482,rs3809666_ENSG00000276931.1
886,0.00643059108685686,0.840942453323492,0.000522663637178576,0.0682660280820496,0.0838382638704231,rs3809666_ENSG00000197562.10
886,0.00594959194439205,0.778041144027434,0.00114449401044726,0.149602721494493,0.0652620485232334,rs3809666_ENSG00000127578.7
886,0.00632953499977537,0.827727127913162,0.000563299485633034,0.0735720971354266,0.0918079404660022,rs3809666_ENSG00000103253.18
886,0.0065359118813948,0.854715483850302,0.000517852170612327,0.0676500796730431,0.0705806724246478,rs3809666_ENSG00000103326.12
886,0.00652075402380393,0.852733257678955,0.000520677461096836,0.0680179223695798,0.0722073884665638,rs3809666_ENSG00000162004.17
886,0.00639953037622765,0.836880576297617,0.000637649084491159,0.083313996394588,0.0727682478470767,rs3809666_ENSG00000260316.2
886,0.00653144017028694,0.85413070841383,0.00052015225383726,0.0679505801376148,0.0708671190244312,rs3809666_ENSG00000172366.20
886,0.00592472104001507,0.774788721495718,0.000556576148323866,0.0726385881660013,0.146091393149943,rs3809666_ENSG00000127585.12
812,0.00649413548972019,0.848111165251868,0.000455324594229261,0.0593782231799159,0.0855611514842666,rs3809666_ENSG00000280062.1
623,0.00661260379577523,0.862395698726891,0.000410919502840276,0.0535138062632548,0.0770669717112391,rs3809666_ENSG00000206053.13
886,0.00624758381644653,0.817010192528766,0.000525373115427082,0.0685965704591578,0.107620280080203,rs3809666_ENSG00000286901.1
886,0.00649198512658976,0.848971086103136,0.000507528496272993,0.0662928743592513,0.0777365259147498,rs3809666_ENSG00000103245.14
886,0.00650766865885233,0.851022055900394,0.000538269092157112,0.0703190128125369,0.0716129935360595,rs3809666_ENSG00000007541.16
886,0.00647648095898703,0.846943572214525,0.000560615182078236,0.0732400935942512,0.0727792380501591,rs3809666_ENSG00000260051.1
886,0.00599263145039869,0.783669514309761,0.000580899910289608,0.0758316257531531,0.133925328576398,rs3809666_ENSG00000275438.1
886,0.00650527620686768,0.850709189724602,0.000544587418316998,0.0711457919748166,0.0710951546753963,rs3809666_ENSG00000103260.9
886,0.00634072239905192,0.829190128571556,0.00054919980665079,0.0717278671522423,0.0921920820704996,rs3809666_ENSG00000276984.1
886,0.00646355461799828,0.845253166347202,0.000586606276470054,0.0766407291172874,0.0710559436410417,rs3809666_ENSG00000116176.6
886,0.00590043471225811,0.771612745326451,0.000507494091773281,0.0662103427504133,0.155768983119104,rs3809666_ENSG00000266124.1
886,0.00648848843289177,0.848513815824682,0.000568733102644116,0.0743043464337939,0.0701246162059884,rs3809666_ENSG00000167930.17
886,0.00652438552626297,0.853208157193776,0.000527100503073395,0.0688592038447825,0.0708811529321055,rs3809666_ENSG00000130656.6
886,0.00638979360489839,0.835607277426878,0.000561814477767128,0.0733856518885258,0.0840554626019307,rs3809666_ENSG00000103266.11
886,0.00620074564575358,0.810885062561752,0.000836841551382485,0.109362884495126,0.0727144657459852,rs3809666_ENSG00000226942.2
886,0.00646203959524351,0.84505504350981,0.000583748788278648,0.0762664723881183,0.0716326957185492,rs3809666_ENSG00000260496.3
886,0.00633990520109506,0.82908326180839,0.000587162534968074,0.0766972357659734,0.0872924346895727,rs3809666_ENSG00000277142.1
886,0.006600680949097,0.863185476415105,0.000465840462996085,0.060850077721496,0.0688979244513063,rs3809666_ENSG00000207243.1
886,0.00648141012257486,0.847588169711768,0.000531017392990702,0.0693662721236434,0.0760331306490226,rs3809666_ENSG00000278995.1
886,0.00651636907792213,0.852159828720758,0.000543273396677358,0.0709752443628602,0.0698052844417819,rs3809666_ENSG00000261720.1
886,0.00616243088787075,0.805874557919601,0.00071264484986882,0.0930999744253021,0.0941503919173575,rs3809666_ENSG00000127580.17
886,0.00649739036483446,0.849677940923929,0.000505138702098194,0.0659807535004689,0.0773387765086693,rs3809666_ENSG00000277010.1
886,0.00638172629531533,0.834552297718036,0.000565226102223579,0.0738311833723971,0.0846695665120287,rs3809666_ENSG00000161999.12
886,0.00648057755873626,0.847479293518659,0.000511042736841821,0.066751398118208,0.0787776880675551,rs3809666_ENSG00000259840.1
886,0.00626212730648729,0.818912076512613,0.000510926056376345,0.0667073096863104,0.107607560438213,rs3809666_ENSG00000007384.15
886,0.00642004061744575,0.839562745375893,0.000604955405342062,0.0790369654605004,0.0743752931408193,rs3809666_ENSG00000228779.1
886,0.00652077197777047,0.852735605558406,0.000500577639276647,0.0653867758526161,0.0748562689719309,rs3809666_ENSG00000130731.16
886,0.006600680949097,0.863185476415105,0.000465840462996085,0.060850077721496,0.0688979244513063,rs3809666_ENSG00000207579.1
886,0.00651585790012173,0.852092980882395,0.00051835867117711,0.0677137374664251,0.0731590650798807,rs3809666_ENSG00000260702.3
886,0.0064504676568896,0.84354175583569,0.000598721635795855,0.0782249529815388,0.0711841018900857,rs3809666_ENSG00000257108.2
866,0.00648345283659752,0.847822806361628,0.000508981959767787,0.0664794272550965,0.0787053315869099,rs3809666_ENSG00000251692.7
621,0.000383045612348068,0.0924442198212889,0.000325373659396731,0.077696521100266,0.829150839806701,rs2316443_ENSG00000126218.12
621,0.00334806900327032,0.808022901027039,0.000478378159262831,0.115379002988428,0.072771648821999,rs2316443_ENSG00000139835.14
621,0.00356882139439786,0.861299278339843,0.00027584175186419,0.0665032896757989,0.0683527688380965,rs2316443_ENSG00000276434.1
621,0.00350391967801358,0.845635899507676,0.000270478628953732,0.0651919086836148,0.0853977935017423,rs2316443_ENSG00000283828.1
621,0.00362082436194022,0.873849673404745,0.000209354604885874,0.0504537694489254,0.071866378179504,rs2316443_ENSG00000233613.5
621,0.00363437771894149,0.877120640291067,0.000204903214240495,0.0493816789049005,0.0696583998708502,rs2316443_ENSG00000269356.1
380,0.00552411165270702,0.839584702895733,0.000402819742976517,0.0611293887678016,0.093358976940782,rs9782984_ENSG00000162458.13
380,0.00549156493960684,0.834638075425765,0.000285518074655342,0.0432782920668103,0.116306549493162,rs9782984_ENSG00000224174.2
362,0.00571115706573657,0.868012375667401,0.000268436931589942,0.040713194160766,0.0852948361745064,rs9782984_ENSG00000280114.1
380,0.00569860967187121,0.866105866258545,0.000246837057684486,0.037425122528247,0.0905235644836526,rs9782984_ENSG00000132906.18
380,0.00565807388099957,0.859945015052915,0.000285973135494762,0.0433730233370229,0.0907379145935676,rs9782984_ENSG00000132881.12
380,0.00582677869070044,0.885585694755756,0.000221480840630421,0.0335870905848669,0.0747789551280465,rs9782984_ENSG00000186510.12
380,0.00584548110107197,0.888428189376139,0.000204060103509531,0.0309395879488365,0.0745826814704425,rs9782984_ENSG00000288398.1
380,0.00579729887592013,0.881105191266725,0.000213715238501814,0.032401128188395,0.0804826664304575,rs9782984_ENSG00000189337.17
380,0.00583369707819461,0.886637189126975,0.000216750388599855,0.0328684656696265,0.0744438977366034,rs9782984_ENSG00000232456.1
380,0.00584930738389602,0.889009728767446,0.00020141667261016,0.0305380060029032,0.0744015411731449,rs9782984_ENSG00000185519.9
380,0.00569818915515904,0.866041953828629,0.000221634087979741,0.0335907134007975,0.0944475095274348,rs9782984_ENSG00000233954.6
457,0.953873534613539,0.00365833355231152,0.04194970299108,0.000160529262493742,0.000357899580575547,rs2274115_ENSG00000213221.5
457,0.928268634525803,0.00356013262556865,0.067459707695599,0.000258270888020714,0.000453254265008297,rs2274115_ENSG00000204003.8
457,0.956386425186408,0.00366797108974434,0.0394502598045152,0.000150956811482104,0.00034438710785021,rs2274115_ENSG00000187796.14
457,0.955941849732388,0.00366626603635838,0.0398968205973698,0.000152671474066218,0.000342392159817148,rs2274115_ENSG00000165661.16
457,0.952586962085324,0.00365339923840443,0.0432533725335175,0.000165546327311937,0.000340719815442365,rs2274115_ENSG00000176919.13
286,0.971893164193601,0.00162285603067258,0.0262882969323028,4.37439570664624e-05,0.00015193888635735,rs2274115_ENSG00000107281.10
457,0.956807012588507,0.00366958414320368,0.039029531664383,0.000149343076839473,0.000344528527066637,rs2274115_ENSG00000165716.11
424,0.955032680289764,0.00355832194890906,0.0409141192477226,0.000152097666002114,0.00034278084760229,rs2274115_ENSG00000107317.13
457,0.940014779348705,0.00360518190532809,0.0556575076895507,0.000212950296708446,0.00050958075970747,rs2274115_ENSG00000148411.8
